2.733000000000000000e+03
2.733000000000000000e+03
2.733000000000000000e+03
3.200000000000000000e+03
3.200000000000000000e+03
3.200000000000000000e+03
2.500000000000000000e+03
2.500000000000000000e+03
2.500000000000000000e+03
4.266000000000000000e+03
4.266000000000000000e+03
4.266000000000000000e+03
3.766000000000000000e+03
3.766000000000000000e+03
3.766000000000000000e+03
6.660000000000000000e+02
6.660000000000000000e+02
6.660000000000000000e+02
2.000000000000000000e+03
2.000000000000000000e+03
2.000000000000000000e+03
1.266000000000000000e+03
1.266000000000000000e+03
1.266000000000000000e+03
1.733000000000000000e+03
1.733000000000000000e+03
1.733000000000000000e+03
1.600000000000000000e+03
1.600000000000000000e+03
1.600000000000000000e+03
7.000000000000000000e+02
7.000000000000000000e+02
7.000000000000000000e+02
2.766000000000000000e+03
2.766000000000000000e+03
2.766000000000000000e+03
1.133000000000000000e+03
1.133000000000000000e+03
1.133000000000000000e+03
2.500000000000000000e+03
2.500000000000000000e+03
2.500000000000000000e+03
4.935122760590594737e+01
1.677378027009430070e+02
2.926440257912755101e+02
5.094448995022367654e+01
1.681763383949761703e+02
2.957927456787011806e+02
5.308046121857476152e+01
1.797689706592737195e+02
2.952731396887404571e+02
4.726062209900657507e+01
1.679940352424758032e+02
2.886358767563480683e+02
4.283830046415894799e+01
1.698733539159473196e+02
2.904076617730451630e+02
4.526368848843803505e+01
1.677235208871526595e+02
2.962363220128956414e+02
5.610064478188729709e+01
1.734580891773255189e+02
2.909570915506269557e+02
4.101048033100203583e+01
4.109104656291349045e+01
4.112595299603049881e+01
4.065923172242874983e+01
4.109302081364333503e+01
4.119643794761934430e+01
4.066851490139247716e+01
4.105693823115535679e+01
4.078037510763866891e+01
4.064595803667065610e+01
4.075975048831201519e+01
4.084800369646945484e+01
4.071711507361435167e+01
4.047323210047675701e+01
4.149379371180140197e+01
4.097007119904228034e+01
4.074618276521118077e+01
4.112103837187322597e+01
4.116611009598219084e+01
4.148043601537395375e+01
4.107882301052233487e+01
4.858757062146892847e-01
5.003465440110893558e-01
4.875979249364669199e-01
5.099237603175603706e-01
4.908953437086510108e-01
5.085585869405414572e-01
5.262218301724318481e-01
5.142083044546656989e-01
4.988973599647155144e-01
5.556255644466847610e-01
4.715308844223216611e-01
5.175057232268498453e-01
5.413437506563333335e-01
5.085375842732027252e-01
4.958309705332576978e-01
4.860857328880767714e-01
5.212862033478251611e-01
4.751223405372482222e-01
5.500388549345767153e-01
4.935206771259950109e-01
4.714888790876441416e-01
